-179.78554       0.0000064457  
-169.78554       0.0003471873  
-159.78554       0.0013408128  
-149.78554       0.0029694579  
-139.78554       0.0051213399  
-129.78554       0.0075491826  
-119.78554       0.0098958692  
-109.78554       0.0116344000  
 -99.78554       0.0123029926  
 -89.78554       0.0118896253  
 -79.78554       0.0107338912  
 -69.78554       0.0092299369  
 -59.78554       0.0077134096  
 -49.78554       0.0064498588  
 -39.78554       0.0056427423  
 -29.78554       0.0053358463  
 -19.78554       0.0054330112  
  -9.78554       0.0057109123  
   0.21446       0.0059108724  
  10.21446       0.0058670867  
  20.21446       0.0056649098  
  30.21446       0.0055965786  
  40.21446       0.0058751455  
  50.21446       0.0066426313  
  60.21446       0.0078456582  
  70.21446       0.0093061455  
  80.21446       0.0108054386  
  90.21446       0.0119203362  
 100.21446       0.0123608304  
 110.21446       0.0117471783  
 120.21446       0.0100464737  
 130.21446       0.0077219723  
 140.21446       0.0052910893  
 150.21446       0.0031112556  
 160.21446       0.0014427574  
 170.21446       0.0003772291  
 180.21446       0.0000000000  
